exercise/blank.asc
ncols         360
nrows         150
xllcorner     -180
yllcorner     -59.99999217689
cellsize      1
NODATA_value  -9999
[rows 0 to 35 of 150, columns 240 to 319 of 360]
-9999 -9999 -9999 -9999 -9999 -9999 -9999 -9999 -9999 -9999 -9999 -9999 -9999 -9999 -9999 -9999 -9999 -9999 -9999 -9999 -9999 -9999 -9999 -9999 -9999 -9999 -9999 -9999 -9999 -9999 -9999 -9999 -9999 -9999 -9999 -9999 -9999 -9999 -9999 -9999 -9999 -9999 -9999 -9999 -9999 -9999 -9999 -9999 -9999 -9999 -9999 -9999 -9999 -9999 -9999 -9999 -9999 -9999 -9999 -9999 -9999 -9999 -9999 -9999 -9999 -9999 -9999 -9999 -9999 -9999 -9999 -9999 -9999 -9999 -9999 -9999 -9999 -9999 -9999 -9999
-9999 -9999 -9999 -9999 -9999 -9999 -9999 -9999 -9999 -9999 -9999 -9999 -9999 -9999 -9999 -9999 -9999 -9999 -9999 -9999 -9999 -9999 -9999 -9999 -9999 -9999 -9999 -9999 -9999 -9999 -9999 -9999 -9999 -9999 -9999 -9999 -9999 -9999 -9999 -9999 -9999 -9999 -9999 -9999 -9999 -9999 -9999 -9999 -9999 -9999 -9999 -9999 -9999 -9999 -9999 -9999 -9999 -9999 -9999 -9999 -9999 -9999 -9999 -9999 -9999 -9999 -9999 -9999 -9999 -9999 -9999 -9999 -9999 -9999 -9999 -9999 -9999 -9999 -9999 -9999
-9999 -9999 -9999 -9999 -9999 -9999 -9999 -9999 -9999 -9999 -9999 -9999 -9999 -9999 -9999 -9999 -9999 -9999 -9999 -9999 -9999 -9999 -9999 -9999 -9999 -9999 -9999 -9999 -9999 -9999 -9999 -9999 -9999 -9999 -9999 -9999 -9999 -9999 -9999 -9999 -9999 -9999 -9999 -9999 -9999 -9999 -9999 -9999 -9999 -9999 -9999 -9999 -9999 -9999 -9999 -9999 -9999 -9999 -9999 -9999 -9999 -9999 -9999 -9999 -9999 -9999 -9999 -9999 -9999 -9999 -9999 -9999 -9999 -9999 -9999 -9999 -9999 -9999 -9999 -9999
-9999 -9999 -9999 -9999 -9999 -9999 -9999 -9999 -9999 -9999 -9999 -9999 -9999 -9999 -9999 -9999 -9999 -9999 -9999 -9999 -9999 -9999 -9999 -9999 -9999 -9999 -9999 -9999 -9999 -9999 -9999 -9999 -9999 -9999 -9999 -9999 -9999 -9999 -9999 -9999 -9999 -9999 -9999 -9999 -9999 -9999 -9999 -9999 -9999 -9999 -9999 -9999 -9999 -9999 -9999 -9999 -9999 -9999 -9999 -9999 -9999 -9999 -9999 -9999 -9999 -9999 -9999 -9999 -9999 -9999 -9999 -9999 -9999 -9999 -9999 -9999 -9999 -9999 -9999 -9999
-9999 -9999 -9999 -9999 -9999 -9999 -9999 -9999 -9999 -9999 -9999 -9999 -9999 -9999 -9999 -9999 -9999 -9999 -9999 -9999 -9999 -9999 -9999 -9999 -9999 -9999 -9999 -9999 -9999 -9999 -9999 -9999 -9999 -9999 -9999 -9999 -9999 -9999 -9999 -9999 -9999 -9999 -9999 -9999 -9999 -9999 -9999 -9999 -9999 -9999 -9999 -9999 -9999 -9999 -9999 -9999 -9999 -9999 -9999 -9999 -9999 -9999 -9999 -9999 -9999 -9999 -9999 -9999 -9999 -9999 -9999 -9999 -9999 -9999 -9999 -9999 -9999 -9999 -9999 -9999
-9999 -9999 -9999 -9999 -9999 -9999 -9999 -9999 -9999 -9999 -9999 -9999 -9999 -9999 -9999 -9999 -9999 -9999 -9999 -9999 -9999 -9999 -9999 -9999 -9999 -9999 -9999 -9999 -9999 -9999 -9999 -9999 -9999 -9999 -9999 -9999 -9999 -9999 -9999 -9999 -9999 -9999 -9999 -9999 -9999 -9999 -9999 -9999 -9999 -9999 -9999 -9999 -9999 -9999 -9999 -9999 -9999 -9999 -9999 -9999 -9999 -9999 -9999 -9999 -9999 -9999 -9999 -9999 -9999 -9999 -9999 -9999 -9999 -9999 -9999 -9999 -9999 -9999 -9999 -9999
-9999 -9999 -9999 -9999 -9999 -9999 -9999 -9999 -9999 -9999 -9999 -9999 -9999 -9999 -9999 -9999 -9999 -9999 -9999 -9999 -9999 -9999 -9999 -9999 -9999 -9999 -9999 -9999 -9999 -9999 -9999 -9999 -9999 -9999 -9999 -9999 -9999 -9999 -9999 -9999 -9999 -9999 -9999 -9999 -9999 -9999 -9999 -9999 -9999 -9999 -9999 -9999 -9999 -9999 -9999 -9999 -9999 -9999 -9999 -9999 -9999 -9999 -9999 -9999 -9999 -9999 -9999 -9999 -9999 -9999 -9999 -9999 -9999 -9999 -9999 -9999 -9999 -9999 -9999 -9999
-9999 -9999 -9999 -9999 -9999 -9999 -9999 -9999 -9999 -9999 -9999 -9999 -9999 -9999 -9999 -9999 -9999 -9999 -9999 -9999 -9999 -9999 -9999 -9999 -9999 -9999 -9999 -9999 -9999 -9999 -9999 -9999 -9999 -9999 -9999 -9999 -9999 -9999 -9999 -9999 -9999 -9999 -9999 -9999 -9999 -9999 -9999 -9999 -9999 -9999 -9999 -9999 -9999 -9999 -9999 -9999 -9999 -9999 -9999 -9999 -9999 -9999 -9999 -9999 -9999 -9999 -9999 -9999 -9999 -9999 -9999 -9999 -9999 -9999 -9999 -9999 -9999 -9999 -9999 -9999
-9999 -9999 -146 -146 -9999 -9999 -9999 -9999 -9999 -9999 -9999 -9999 -9999 -9999 -9999 -9999 -9999 -9999 -9999 -9999 -9999 -9999 -9999 -9999 -9999 -9999 -9999 -9999 -9999 -9999 -9999 -9999 -9999 -9999 -9999 -9999 -9999 -9999 -9999 -9999 -9999 -9999 -9999 -9999 -9999 -9999 -9999 -9999 -9999 -9999 -9999 -9999 -9999 -9999 -9999 -9999 -9999 -9999 -9999 -9999 -9999 -9999 -9999 -9999 -9999 -9999 -9999 -9999 -9999 -9999 -9999 -9999 -9999 -9999 -9999 -9999 -9999 -9999 -9999 -9999
-147 -135 -9999 -131 -9999 -9999 -9999 -9999 -9999 -9999 -9999 -9999 -9999 -9999 -9999 -9999 -9999 -9999 -9999 -9999 -9999 -9999 -9999 -9999 -9999 -9999 -9999 -9999 -9999 -9999 -9999 -9999 -9999 -186 -201 -202 -185 -168 -9999 -9999 -9999 -9999 -9999 -9999 -9999 -9999 -9999 -9999 -9999 -9999 -9999 -9999 -9999 -9999 -9999 -9999 -9999 -9999 -9999 -9999 -9999 -9999 -9999 -9999 -9999 -9999 -9999 -9999 -9999 -9999 -9999 -9999 -9999 -9999 -9999 -9999 -9999 -9999 -9999 -9999
-9999 -9999 -9999 -9999 -9999 -9999 -9999 -9999 -9999 -9999 -9999 -9999 -9999 -9999 -9999 -9999 -9999 -9999 -9999 -9999 -9999 -9999 -9999 -9999 -9999 -9999 -9999 -9999 -9999 -9999 -9999 -157 -9999 -160 -165 -186 -168 -176 -198 -183 -9999 -9999 -9999 -9999 -9999 -9999 -9999 -9999 -9999 -9999 -9999 -9999 -9999 -9999 -9999 -9999 -9999 -9999 -9999 -9999 -9999 -9999 -9999 -9999 -9999 -9999 -9999 -9999 -9999 -9999 -9999 -9999 -9999 -9999 -9999 -9999 -9999 -9999 -9999 -9999
-9999 -9999 -9999 -9999 -9999 -9999 -9999 -9999 -9999 -9999 -9999 -9999 -9999 -9999 -9999 -9999 -9999 -9999 -9999 -9999 -9999 -9999 -9999 -9999 -9999 -9999 -9999 -9999 -9999 -9999 -9999 -9999 -9999 -9999 -9999 -9999 -9999 -9999 -9999 -9999 -162 -173 -181 -175 -168 -167 -9999 -9999 -9999 -9999 -9999 -9999 -9999 -9999 -9999 -9999 -9999 -9999 -9999 -9999 -9999 -9999 -9999 -9999 -9999 -9999 -9999 -9999 -9999 -9999 -9999 -9999 -9999 -9999 -9999 -9999 -9999 -9999 -9999 -9999
-9999 -9999 -9999 -9999 -9999 -9999 -9999 -9999 -9999 -9999 -9999 -9999 -9999 -9999 -9999 -9999 -9999 -9999 -9999 -9999 -9999 -9999 -9999 -9999 -9999 -9999 -9999 -9999 -9999 -9999 -9999 -9999 -9999 -9999 -9999 -9999 -9999 -9999 -9999 -9999 -9999 -152 -9999 -154 -156 -155 -152 -9999 -9999 -9999 -9999 -9999 -9999 -9999 -9999 -9999 -9999 -9999 -9999 -9999 -9999 -9999 -9999 -9999 -9999 -9999 -9999 -9999 -9999 -9999 -9999 -9999 -9999 -9999 -9999 -9999 -9999 -9999 -9999 -9999
-9999 -9999 -9999 -9999 -9999 -113 -127 -129 -106 -9999 -9999 -9999 -9999 -9999 -9999 -9999 -9999 -9999 -9999 -9999 -9999 -9999 -9999 -9999 -9999 -9999 -9999 -9999 -9999 -9999 -9999 -9999 -9999 -9999 -145 -146 -147 -149 -9999 -9999 -9999 -149 -151 -152 -150 -160 -150 -152 -154 -156 -154 -153 -154 -9999 -9999 -9999 -9999 -9999 -9999 -9999 -9999 -9999 -9999 -9999 -9999 -9999 -9999 -9999 -9999 -9999 -9999 -9999 -9999 -9999 -9999 -9999 -9999 -9999 -9999 -9999
-138 -124 -112 -104 -9999 -9999 -9999 -9999 -9999 -9999 -9999 -9999 -9999 -9999 -9999 -9999 -9999 -9999 -9999 -9999 -9999 -9999 -9999 -9999 -9999 -9999 -9999 -9999 -9999 -135 -137 -144 -146 -155 -156 -150 -151 -151 -147 -147 -148 -151 -153 -156 -156 -156 -165 -162 -175 -178 -180 -168 -160 -151 -9999 -9999 -9999 -9999 -9999 -9999 -9999 -9999 -9999 -9999 -9999 -9999 -9999 -9999 -9999 -9999 -9999 -9999 -9999 -9999 -9999 -9999 -9999 -152 -155 -155
-9999 -9999 -9999 -9999 -9999 -9999 -9999 -9999 -9999 -9999 -9999 -9999 -9999 -9999 -9999 -9999 -9999 -9999 -9999 -9999 -9999 -9999 -9999 -9999 -9999 -127 -128 -130 -134 -138 -137 -139 -144 -147 -146 -151 -154 -150 -149 -147 -141 -141 -143 -143 -146 -149 -145 -145 -144 -144 -142 -9999 -144 -9999 -9999 -9999 -9999 -9999 -9999 -9999 -9999 -9999 -9999 -9999 -9999 -9999 -9999 -9999 -9999 -9999 -9999 -9999 -9999 -9999 -9999 -9999 -9999 -9999 -9999 -149
-9999 -9999 -9999 -9999 -9999 -9999 -9999 -9999 -9999 -9999 -9999 -9999 -9999 -9999 -9999 -9999 -9999 -9999 -9999 -9999 -116 -121 -121 -124 -125 -124 -125 -124 -127 -126 -132 -128 -129 -130 -135 -136 -134 -137 -136 -141 -140 -140 -142 -141 -139 -139 -136 -136 -9999 -9999 -136 -137 -139 -138 -141 -144 -145 -144 -145 -9999 -9999 -9999 -9999 -149 -150 -151 -152 -152 -9999 -9999 -9999 -9999 -9999 -9999 -9999 -9999 -9999 -9999 -9999 -9999
-9999 -9999 -9999 -9999 -9999 -9999 -9999 -9999 -9999 -95 -99 -102 -105 -9999 -9999 -111 -9999 -111 -9999 -9999 -9999 -115 -119 -120 -118 -118 -120 -121 -122 -120 -122 -121 -125 -126 -127 -126 -130 -131 -132 -133 -134 -136 -137 -136 -133 -133 -133 -135 -133 -131 -132 -134 -134 -135 -137 -139 -138 -140 -142 -142 -144 -147 -150 -154 -150 -147 -147 -148 -150 -151 -9999 -9999 -9999 -9999 -9999 -9999 -9999 -9999 -9999 -9999
-9999 -9999 -9999 -9999 -9999 -9999 -9999 -9999 -89 -94 -98 -100 -9999 -107 -108 -108 -109 -108 -108 -109 -108 -108 -109 -9999 -114 -114 -115 -116 -114 -114 -116 -116 -118 -118 -119 -122 -124 -125 -128 -127 -131 -131 -135 -139 -142 -138 -137 -140 -138 -137 -131 -128 -132 -137 -133 -136 -137 -140 -139 -139 -139 -140 -147 -150 -152 -149 -157 -156 -159 -9999 -9999 -9999 -152 -152 -9999 -149 -148 -147 -145 -9999
-9999 -9999 -9999 -9999 -9999 -9999 -9999 -83 -87 -91 -96 -99 -102 -9999 -106 -107 -105 -105 -104 -103 -103 -103 -103 -103 -110 -109 -110 -110 -108 -108 -114 -121 -127 -132 -125 -124 -125 -128 -129 -138 -144 -143 -144 -136 -137 -138 -145 -148 -149 -149 -147 -134 -125 -126 -131 -134 -139 -139 -140 -140 -137 -139 -139 -141 -142 -145 -145 -146 -165 -161 -164 -152 -151 -153 -160 -154 -148 -147 -146 -146
-65 -72 -75 -75 -9999 -9999 -9999 -79 -83 -87 -91 -95 -99 -9999 -106 -103 -101 -99 -99 -97 -98 -97 -99 -99 -99 -102 -104 -105 -109 -107 -119 -134 -157 -150 -151 -168 -164 -150 -148 -142 -146 -136 -133 -131 -138 -146 -150 -140 -136 -134 -134 -133 -128 -131 -126 -130 -132 -133 -133 -137 -139 -138 -133 -132 -129 -134 -155 -173 -183 -189 -168 -156 -157 -164 -154 -164 -172 -173 -178 -169
-60 -62 -67 -74 -75 -73 -79 -76 -9999 -81 -86 -91 -96 -102 -100 -98 -94 -9999 -92 -90 -90 -90 -93 -92 -94 -96 -93 -106 -98 -94 -114 -110 -131 -142 -141 -159 -162 -144 -158 -155 -131 -133 -127 -125 -124 -123 -124 -121 -120 -122 -124 -120 -118 -124 -129 -129 -132 -132 -135 -134 -133 -129 -126 -123 -128 -141 -154 -173 -207 -189 -173 -175 -161 -159 -157 -159 -162 -166 -197 -168
-60 -64 -62 -67 -68 -78 -88 -71 -74 -75 -80 -83 -87 -9999 -93 -89 -86 -84 -83 -82 -83 -83 -83 -84 -85 -86 -83 -84 -100 -106 -107 -103 -115 -130 -140 -134 -134 -136 -143 -132 -121 -118 -122 -125 -129 -127 -122 -123 -123 -123 -120 -125 -125 -131 -137 -135 -132 -131 -129 -129 -131 -129 -123 -122 -126 -140 -158 -189 -205 -185 -166 -167 -154 -159 -153 -148 -150 -159 -188 -184
-48 -52 -53 -72 -66 -57 -58 -62 -66 -66 -70 -74 -77 -80 -81 -81 -79 -76 -75 -76 -75 -74 -74 -75 -75 -75 -72 -70 -78 -87 -94 -96 -106 -110 -118 -125 -118 -132 -126 -128 -121 -120 -124 -124 -123 -125 -126 -126 -130 -125 -117 -125 -128 -133 -139 -135 -131 -126 -122 -121 -118 -119 -117 -114 -117 -128 -164 -180 -185 -173 -171 -156 -157 -163 -162 -178 -162 -179 -186 -196
-61 -77 -53 -47 -49 -48 -51 -54 -56 -58 -63 -64 -67 -70 -72 -73 -70 -67 -67 -66 -66 -66 -66 -66 -69 -67 -63 -61 -67 -83 -87 -92 -92 -91 -105 -104 -114 -113 -115 -113 -113 -113 -117 -123 -123 -117 -115 -117 -118 -126 -125 -127 -130 -131 -131 -124 -123 -118 -113 -109 -110 -111 -111 -111 -109 -119 -139 -149 -183 -191 -176 -159 -164 -167 -172 -163 -170 -171 -178 -193
-43 -36 -38 -41 -43 -40 -42 -45 -49 -51 -55 -57 -57 -59 -61 -61 -59 -58 -58 -58 -58 -58 -61 -62 -59 -59 -55 -53 -64 -77 -78 -80 -78 -84 -84 -97 -100 -106 -111 -106 -105 -109 -107 -112 -114 -113 -109 -109 -112 -106 -110 -115 -114 -117 -117 -114 -107 -105 -103 -102 -99 -100 -103 -105 -107 -106 -120 -140 -156 -171 -152 -186 -189 -189 -190 -170 -167 -173 -174 -172
-28 -26 -28 -33 -30 -30 -34 -34 -38 -41 -45 -47 -49 -51 -51 -52 -51 -50 -51 -52 -53 -53 -50 -50 -51 -49 -46 -46 -54 -57 -68 -68 -76 -81 -83 -86 -88 -93 -84 -97 -98 -104 -97 -99 -92 -99 -90 -95 -97 -96 -98 -99 -103 -106 -105 -101 -95 -94 -90 -90 -88 -90 -94 -98 -102 -104 -105 -106 -108 -110 -114 -116 -119 -121 -127 -140 -139 -152 -170 -195
-18 -19 -21 -24 -22 -22 -26 -29 -28 -30 -33 -36 -37 -39 -41 -41 -42 -43 -43 -44 -44 -45 -46 -47 -45 -45 -40 -46 -41 -46 -53 -58 -68 -78 -82 -86 -89 -88 -83 -89 -84 -82 -88 -88 -93 -89 -90 -88 -85 -88 -88 -88 -90 -94 -93 -88 -88 -82 -86 -87 -87 -92 -94 -96 -101 -104 -105 -105 -107 -109 -107 -109 -110 -107 -108 -107 -111 -133 -156 -176
-16 -15 -14 -16 -16 -17 -14 -15 -18 -19 -23 -25 -27 -29 -29 -32 -34 -34 -34 -34 -35 -35 -36 -36 -37 -37 -36 -37 -35 -37 -42 -45 -56 -67 -72 -77 -69 -75 -75 -72 -72 -77 -82 -82 -81 -80 -80 -79 -80 -78 -80 -82 -80 -85 -84 -85 -84 -80 -78 -79 -75 -83 -85 -90 -95 -97 -97 -99 -100 -97 -103 -103 -104 -102 -98 -98 -114 -133 -139 -152
-4 -5 -4 -3 -3 -4 -6 -9 -9 -12 -16 -18 -21 -22 -23 -24 -25 -23 -24 -26 -29 -29 -30 -29 -28 -29 -28 -27 -27 -26 -37 -51 -47 -52 -49 -59 -62 -60 -63 -61 -62 -66 -66 -68 -71 -72 -71 -71 -73 -71 -73 -70 -74 -74 -74 -81 -75 -75 -77 -74 -66 -72 -77 -80 -84 -95 -96 -99 -100 -99 -99 -97 -101 -97 -86 -87 -96 -115 -133 -126
5 5 5 4 3 4 2 -1 -5 -8 -10 -13 -15 -15 -18 -19 -20 -20 -20 -19 -20 -21 -23 -22 -22 -20 -19 -21 -20 -19 -23 -27 -47 -47 -49 -48 -53 -48 -48 -44 -45 -48 -54 -56 -60 -66 -66 -66 -64 -65 -62 -60 -58 -75 -91 -104 -101 -83 -74 -66 -71 -68 -74 -79 -76 -74 -78 -86 -94 -95 -95 -91 -88 -88 -89 -86 -94 -93 -97 -100
14 14 14 9 9 6 4 1 -2 -5 -6 -8 -9 -11 -12 -14 -13 -14 -15 -14 -14 -15 -13 -12 -10 -10 -10 -12 -11 -12 -15 -17 -18 -26 -32 -29 -32 -30 -30 -30 -29 -33 -36 -44 -55 -58 -58 -60 -54 -53 -53 -53 -68 -86 -94 -92 -85 -82 -72 -73 -69 -64 -71 -77 -64 -76 -83 -88 -86 -87 -102 -101 -101 -91 -88 -89 -90 -84 -91 -89
19 19 19 14 12 8 7 4 2 1 0 -1 -2 -5 -8 -10 -9 -10 -10 -9 -10 -9 -8 -6 -2 -2 -3 -3 -3 -4 -6 -7 -9 -9 -14 -20 -21 -23 -25 -20 -22 -20 -25 -37 -44 -50 -52 -47 -48 -57 -68 -69 -63 -84 -89 -77 -84 -108 -102 -91 -99 -83 -88 -75 -79 -85 -85 -109 -100 -95 -104 -121 -114 -101 -93 -72 -77 -81 -89 -59
21 23 21 16 11 10 8 4 4 3 5 3 2 1 0 -3 -3 -4 -5 -4 -4 -3 -1 2 4 2 4 6 3 2 3 -2 0 2 -20 -13 -15 -14 -14 -19 -21 -15 -23 -34 -43 -49 -50 -44 -57 -74 -77 -99 -76 -106 -90 -71 -99 -111 -128 -112 -91 -68 -90 -101 -83 -82 -92 -91 -94 -127 -103 -117 -119 -92 -87 -74 -81 -73 -9999 -9999
21 25 23 20 14 11 9 9 8 9 8 8 8 9 5 4 2 1 2 2 3 4 6 8 7 9 8 0 -2 -1 0 4 2 -10 -10 -11 -17 -23 -14 -11 -16 -16 -20 -32 -41 -48 -57 -44 -63 -27 -94 -80 -94 -87 -92 -89 -88 -101 -92 -83 -64 -66 -60 -61 -67 -64 -70 -74 -77 -91 -108 -117 -116 -96 -83 -80 -46 -9999 -9999 -9999
19 23 24 22 23 16 14 14 15 15 15 15 15 14 11 9 8 7 8 8 9 8 12 11 8 12 15 16 -24 -4 4 4 -2 -24 -47 -61 -57 -36 -43 -19 -16 -17 -24 -28 -39 -47 -51 -44 -55 -29 -49 -76 -80 -73 -72 -69 -73 -80 -77 -74 -63 -75 -72 -61 -65 -70 -52 -43 -43 -50 -64 -82 -66 -65 -40 -42 -39 -9999 -9999 -9999
