exercise/blank.asc
ncols         360
nrows         150
xllcorner     -180
yllcorner     -59.99999217689
cellsize      1
NODATA_value  -9999
[rows 72 to 107 of 150, columns 160 to 239 of 360]
-9999 -9999 -9999 -9999 270 286 294 294 280 291 295 300 304 295 289 284 283 285 289 292 294 291 292 291 291 288 287 283 257 264 271 271 268 265 268 276 281 286 286 283 278 256 243 241 258 259 260 266 272 277 285 291 292 293 294 292 287 292 283 -9999 -9999 -9999 300 179 238 245 246 242 245 245 239 236 240 250 244 261 267 -9999 -9999 -9999
-9999 -9999 -9999 -9999 276 283 294 296 291 287 293 297 304 291 285 280 282 287 293 294 294 292 294 296 293 288 283 283 277 270 273 270 270 272 277 284 289 293 292 289 286 284 256 258 260 257 255 262 272 278 280 286 288 292 293 293 290 280 210 -9999 -9999 -9999 -9999 235 193 222 227 220 219 222 231 241 258 -9999 -9999 -9999 -9999 -9999 -9999 -9999
-9999 -9999 -9999 251 271 284 290 292 292 288 287 285 282 279 276 274 279 288 299 294 287 292 296 296 292 283 282 278 275 274 272 272 274 275 279 285 290 294 295 294 292 281 257 257 253 240 245 254 272 269 275 285 292 283 285 287 288 282 237 281 293 -9999 296 232 151 224 230 217 217 214 230 249 -9999 -9999 -9999 -9999 -9999 -9999 -9999 -9999
-9999 -9999 -9999 268 273 278 281 283 292 279 276 277 272 273 270 274 264 286 290 289 290 293 292 292 291 285 280 277 277 273 268 273 273 276 279 289 295 296 296 297 294 267 254 249 235 245 256 260 269 269 277 285 287 284 285 287 277 261 233 177 296 -9999 -9999 272 155 178 209 220 220 269 -9999 -9999 -9999 -9999 -9999 -9999 -9999 -9999 -9999 -9999
-9999 -9999 -9999 266 275 274 280 284 283 279 275 272 269 276 270 275 281 286 282 284 286 290 290 288 288 283 276 271 274 277 271 273 274 272 276 292 296 295 295 299 293 273 253 238 223 261 266 268 268 268 277 281 287 284 287 286 282 219 204 184 302 271 -9999 294 248 246 266 273 -9999 -9999 -9999 -9999 -9999 -9999 -9999 -9999 -9999 -9999 -9999 -9999
-9999 -9999 -9999 265 268 268 271 279 280 267 272 269 274 276 271 268 286 283 281 282 282 284 287 289 283 278 267 258 264 271 267 262 263 266 276 289 293 293 293 291 286 271 259 230 239 269 272 273 270 265 271 276 279 274 281 284 267 188 215 186 276 284 272 302 298 -9999 -9999 -9999 -9999 -9999 -9999 -9999 -9999 254 251 -9999 -9999 -9999 -9999 -9999
-9999 -9999 -9999 -9999 265 266 260 229 241 262 265 270 270 273 271 272 278 278 276 284 283 285 278 282 276 265 258 250 259 265 257 250 252 265 278 283 286 287 282 282 278 273 260 256 267 277 274 276 272 266 259 272 274 273 279 266 235 189 184 160 260 287 288 300 -9999 -9999 -9999 -9999 -9999 -9999 245 -9999 -9999 -9999 -9999 -9999 -9999 -9999 -9999 -9999
-9999 -9999 -9999 -9999 -9999 296 275 254 236 260 258 264 266 269 270 275 274 276 281 275 281 265 269 267 272 265 263 251 246 256 259 261 256 241 284 281 282 284 281 277 274 271 265 265 269 274 275 277 278 279 275 277 280 280 248 234 224 173 199 152 255 265 260 281 -9999 285 265 189 231 271 282 -9999 -9999 -9999 -9999 -9999 -9999 -9999 -9999 -9999
-9999 -9999 -9999 -9999 -9999 -9999 279 277 253 250 250 250 259 262 266 271 270 270 279 278 278 262 266 263 273 276 275 252 246 240 269 272 275 274 277 277 278 278 276 275 274 270 261 253 262 264 272 275 277 276 277 279 281 279 216 194 215 180 176 148 254 211 180 204 225 227 239 240 235 257 278 -9999 -9999 -9999 -9999 -9999 -9999 -9999 -9999 -9999
-9999 -9999 -9999 -9999 -9999 -9999 -9999 264 251 256 238 238 253 260 267 266 267 268 278 277 269 268 271 260 264 269 277 267 275 275 275 263 257 259 269 265 271 272 266 265 266 258 242 243 244 258 266 273 277 276 275 277 278 275 250 205 204 195 156 213 212 223 226 229 237 245 242 245 259 259 283 -9999 -9999 -9999 -9999 -9999 -9999 -9999 -9999 -9999
-9999 -9999 -9999 -9999 -9999 -9999 -9999 266 265 258 254 239 241 257 269 272 270 260 266 271 262 269 274 270 262 252 263 254 269 268 263 253 240 221 239 255 264 262 252 248 255 248 245 243 248 249 260 269 273 274 270 273 278 274 257 169 186 201 197 152 197 244 268 249 246 258 259 259 256 266 -9999 -9999 -9999 -9999 -9999 -9999 -9999 -9999 -9999 -9999
-9999 -9999 -9999 -9999 -9999 -9999 -9999 -9999 -9999 258 254 257 258 259 261 270 266 263 259 244 271 270 273 271 272 263 264 260 274 249 222 222 233 231 229 228 248 260 253 237 244 245 244 242 246 251 255 261 266 268 269 272 276 274 258 218 227 203 151 183 224 251 281 279 266 265 271 273 270 -9999 -9999 -9999 -9999 -9999 -9999 -9999 -9999 -9999 -9999 -9999
-9999 -9999 -9999 -9999 -9999 -9999 -9999 -9999 -9999 -9999 256 257 260 260 262 266 263 265 261 267 -9999 -9999 -9999 -9999 -9999 267 267 263 256 259 214 243 241 239 230 244 241 246 251 248 244 246 244 245 246 252 252 254 254 258 265 275 276 273 267 258 239 222 210 198 233 264 268 273 283 272 277 273 265 -9999 -9999 -9999 -9999 -9999 -9999 -9999 -9999 -9999 -9999 -9999
-9999 -9999 -9999 -9999 -9999 -9999 -9999 -9999 -9999 -9999 -9999 -9999 253 -9999 -9999 -9999 -9999 -9999 -9999 -9999 -9999 -9999 -9999 -9999 -9999 -9999 267 267 264 260 243 250 238 235 240 242 241 241 254 244 248 243 250 245 246 249 248 245 244 243 253 271 269 242 269 275 267 233 192 224 238 273 291 273 270 279 282 262 -9999 -9999 -9999 -9999 -9999 -9999 -9999 -9999 -9999 -9999 -9999 -9999
-9999 -9999 -9999 -9999 -9999 -9999 -9999 -9999 -9999 -9999 -9999 -9999 -9999 -9999 -9999 -9999 -9999 -9999 -9999 -9999 -9999 -9999 -9999 -9999 -9999 -9999 -9999 -9999 -9999 -9999 257 238 237 230 236 236 240 239 246 251 245 242 247 250 246 243 243 242 248 245 236 258 249 229 245 284 271 253 248 234 255 274 300 269 269 285 272 -9999 -9999 -9999 -9999 -9999 -9999 -9999 -9999 -9999 -9999 -9999 -9999 -9999
-9999 -9999 -9999 -9999 -9999 -9999 -9999 -9999 -9999 -9999 -9999 -9999 -9999 -9999 -9999 -9999 -9999 -9999 -9999 -9999 -9999 -9999 -9999 -9999 -9999 -9999 -9999 -9999 -9999 -9999 232 234 236 232 234 241 244 247 248 251 252 250 249 251 249 243 240 240 242 230 213 249 233 237 230 263 263 265 261 266 267 275 283 276 281 273 -9999 -9999 -9999 -9999 -9999 -9999 -9999 -9999 -9999 -9999 -9999 -9999 -9999 -9999
-9999 -9999 -9999 -9999 -9999 -9999 -9999 -9999 -9999 -9999 -9999 -9999 -9999 -9999 -9999 -9999 -9999 -9999 -9999 -9999 -9999 -9999 -9999 -9999 -9999 -9999 -9999 237 -9999 -9999 220 231 238 238 233 241 248 251 252 251 252 251 248 253 247 250 247 249 242 234 235 227 231 241 213 209 225 240 268 276 283 286 282 272 262 -9999 -9999 -9999 -9999 -9999 -9999 -9999 -9999 -9999 -9999 -9999 -9999 -9999 -9999 -9999
-9999 -9999 -9999 -9999 -9999 -9999 -9999 -9999 -9999 -9999 -9999 -9999 -9999 -9999 -9999 -9999 -9999 -9999 -9999 -9999 -9999 -9999 -9999 -9999 -9999 -9999 -9999 -9999 -9999 260 232 245 240 237 238 248 252 253 253 253 253 248 246 244 247 250 246 242 237 233 206 217 217 222 215 177 171 231 250 279 286 286 278 261 -9999 -9999 -9999 -9999 -9999 -9999 -9999 -9999 -9999 -9999 -9999 -9999 -9999 -9999 -9999 -9999
-9999 -9999 -9999 -9999 -9999 -9999 -9999 -9999 -9999 -9999 -9999 -9999 -9999 -9999 -9999 -9999 -9999 -9999 -9999 -9999 -9999 -9999 -9999 -9999 -9999 -9999 -9999 -9999 -9999 254 260 245 252 243 241 252 255 254 251 257 259 247 245 247 248 248 244 231 221 234 200 207 216 223 221 152 134 196 241 282 281 278 270 -9999 -9999 -9999 -9999 -9999 -9999 -9999 -9999 -9999 -9999 -9999 -9999 -9999 -9999 -9999 -9999 -9999
-9999 -9999 -9999 -9999 -9999 -9999 -9999 -9999 -9999 -9999 -9999 -9999 -9999 -9999 -9999 -9999 -9999 -9999 -9999 -9999 -9999 -9999 -9999 -9999 -9999 -9999 -9999 -9999 -9999 257 255 230 239 249 240 249 258 255 255 253 248 246 247 245 245 248 241 232 200 151 207 208 219 228 213 175 210 207 249 268 273 271 -9999 -9999 -9999 -9999 -9999 -9999 -9999 -9999 -9999 -9999 -9999 -9999 -9999 -9999 -9999 -9999 -9999 -9999
-9999 -9999 -9999 -9999 -9999 -9999 -9999 -9999 -9999 -9999 -9999 -9999 -9999 -9999 -9999 -9999 -9999 -9999 -9999 -9999 -9999 -9999 -9999 -9999 -9999 -9999 -9999 -9999 -9999 -9999 248 257 229 233 232 240 250 256 255 253 247 244 244 249 248 250 242 235 184 169 202 213 224 228 210 188 195 215 251 260 269 -9999 -9999 -9999 -9999 -9999 -9999 -9999 -9999 -9999 -9999 -9999 -9999 -9999 -9999 -9999 -9999 -9999 -9999 -9999
-9999 -9999 -9999 -9999 -9999 -9999 -9999 -9999 -9999 -9999 -9999 -9999 -9999 -9999 -9999 -9999 -9999 -9999 -9999 -9999 -9999 -9999 -9999 -9999 -9999 -9999 -9999 -9999 -9999 -9999 -9999 242 257 232 240 232 245 257 252 252 248 247 245 250 250 254 246 234 194 183 206 219 227 235 219 197 200 232 232 246 -9999 -9999 -9999 -9999 -9999 -9999 -9999 -9999 -9999 -9999 -9999 -9999 -9999 -9999 -9999 -9999 -9999 -9999 -9999 -9999
-9999 -9999 -9999 -9999 -9999 -9999 -9999 -9999 -9999 -9999 -9999 -9999 -9999 -9999 -9999 -9999 -9999 -9999 -9999 -9999 -9999 -9999 -9999 -9999 -9999 -9999 -9999 -9999 -9999 -9999 -9999 -9999 246 244 239 249 240 245 249 250 249 246 246 249 248 252 254 244 227 237 213 228 232 230 211 191 211 223 226 260 -9999 -9999 -9999 -9999 -9999 -9999 -9999 -9999 -9999 -9999 -9999 -9999 -9999 -9999 -9999 -9999 -9999 -9999 -9999 -9999
-9999 -9999 -9999 -9999 -9999 -9999 -9999 -9999 -9999 -9999 -9999 -9999 -9999 -9999 -9999 -9999 -9999 -9999 -9999 -9999 -9999 -9999 -9999 -9999 -9999 -9999 -9999 -9999 -9999 -9999 -9999 -9999 248 245 245 231 240 233 236 237 245 247 249 253 246 247 247 243 226 238 211 234 236 230 214 224 199 207 243 -9999 -9999 -9999 -9999 -9999 -9999 -9999 -9999 -9999 -9999 -9999 -9999 -9999 -9999 263 -9999 -9999 -9999 -9999 -9999 -9999
-9999 -9999 -9999 -9999 -9999 -9999 -9999 -9999 -9999 -9999 -9999 -9999 -9999 -9999 -9999 -9999 -9999 -9999 -9999 -9999 -9999 -9999 -9999 -9999 -9999 -9999 -9999 -9999 -9999 -9999 -9999 -9999 259 256 236 226 228 225 220 235 245 244 238 247 243 234 245 243 227 236 235 246 240 224 217 230 222 252 259 273 -9999 -9999 -9999 -9999 -9999 -9999 -9999 -9999 -9999 -9999 -9999 -9999 -9999 -9999 -9999 -9999 -9999 -9999 -9999 -9999
-9999 -9999 -9999 -9999 -9999 -9999 -9999 -9999 -9999 -9999 -9999 -9999 -9999 -9999 -9999 -9999 -9999 -9999 -9999 -9999 -9999 -9999 -9999 -9999 -9999 -9999 -9999 -9999 -9999 -9999 -9999 -9999 -9999 258 248 210 238 233 218 223 240 239 233 232 230 228 239 248 229 209 273 247 225 208 213 227 224 255 260 264 -9999 -9999 -9999 -9999 -9999 -9999 -9999 -9999 -9999 -9999 -9999 -9999 -9999 -9999 -9999 -9999 -9999 -9999 -9999 -9999
-9999 -9999 -9999 -9999 -9999 -9999 -9999 -9999 -9999 -9999 -9999 -9999 -9999 -9999 -9999 -9999 -9999 -9999 -9999 -9999 -9999 -9999 -9999 -9999 -9999 -9999 -9999 -9999 -9999 -9999 -9999 -9999 -9999 255 242 210 229 235 219 218 231 234 233 228 225 230 250 209 228 230 250 195 239 206 224 182 249 251 253 -9999 -9999 -9999 -9999 -9999 -9999 -9999 -9999 -9999 -9999 -9999 -9999 -9999 -9999 -9999 -9999 -9999 -9999 -9999 -9999 -9999
-9999 -9999 -9999 -9999 -9999 -9999 -9999 -9999 -9999 -9999 -9999 -9999 -9999 -9999 -9999 -9999 -9999 -9999 -9999 -9999 -9999 -9999 -9999 -9999 -9999 -9999 -9999 -9999 -9999 -9999 -9999 -9999 -9999 241 245 221 212 228 221 213 222 225 227 227 228 237 200 209 231 218 202 197 220 202 147 222 236 236 242 260 -9999 -9999 -9999 -9999 -9999 -9999 260 -9999 -9999 -9999 -9999 -9999 -9999 -9999 -9999 -9999 -9999 -9999 -9999 -9999
-9999 -9999 -9999 -9999 -9999 -9999 -9999 -9999 -9999 -9999 -9999 -9999 -9999 -9999 -9999 -9999 -9999 -9999 -9999 -9999 -9999 -9999 -9999 -9999 -9999 -9999 -9999 -9999 -9999 -9999 -9999 -9999 -9999 -9999 224 203 208 210 211 205 214 221 228 222 217 206 210 216 220 208 209 209 211 200 241 216 225 236 251 241 257 -9999 -9999 -9999 -9999 -9999 -9999 -9999 -9999 -9999 -9999 -9999 -9999 -9999 -9999 -9999 -9999 -9999 -9999 -9999
-9999 -9999 -9999 -9999 -9999 -9999 -9999 -9999 -9999 -9999 -9999 -9999 -9999 -9999 -9999 -9999 -9999 -9999 -9999 -9999 -9999 -9999 -9999 -9999 -9999 -9999 -9999 -9999 -9999 -9999 -9999 -9999 -9999 -9999 236 203 195 207 204 206 211 212 211 210 198 197 194 204 206 208 209 190 233 204 241 238 244 255 264 221 256 -9999 -9999 229 -9999 -9999 -9999 -9999 -9999 -9999 -9999 -9999 -9999 -9999 -9999 -9999 -9999 -9999 -9999 -9999
-9999 -9999 -9999 -9999 -9999 -9999 -9999 -9999 -9999 -9999 -9999 -9999 -9999 -9999 -9999 -9999 -9999 -9999 -9999 -9999 -9999 -9999 -9999 -9999 -9999 -9999 -9999 -9999 -9999 -9999 -9999 -9999 -9999 241 209 191 186 205 200 208 206 200 195 200 204 202 197 197 199 203 201 222 229 197 243 219 238 255 254 252 254 -9999 -9999 -9999 236 -9999 -9999 -9999 -9999 261 -9999 -9999 -9999 -9999 -9999 -9999 -9999 -9999 -9999 -9999
-9999 -9999 -9999 -9999 -9999 -9999 -9999 -9999 -9999 -9999 -9999 -9999 -9999 -9999 -9999 -9999 -9999 -9999 -9999 -9999 -9999 -9999 -9999 -9999 -9999 -9999 -9999 -9999 -9999 -9999 -9999 -9999 -9999 227 192 190 196 202 204 213 207 198 205 226 210 201 202 206 200 190 210 242 225 207 243 211 236 228 241 254 255 -9999 -9999 -9999 -9999 -9999 -9999 -9999 259 219 -9999 -9999 -9999 -9999 -9999 -9999 -9999 -9999 -9999 -9999
-9999 -9999 -9999 -9999 -9999 -9999 -9999 -9999 -9999 -9999 -9999 -9999 -9999 -9999 -9999 -9999 -9999 -9999 -9999 -9999 -9999 -9999 -9999 -9999 -9999 -9999 -9999 -9999 -9999 -9999 -9999 -9999 223 229 197 204 203 198 205 211 207 203 218 225 212 205 207 210 207 202 241 217 232 198 202 223 239 233 244 244 250 -9999 -9999 -9999 -9999 -9999 -9999 -9999 202 205 -9999 -9999 -9999 -9999 -9999 -9999 -9999 -9999 -9999 -9999
-9999 -9999 -9999 -9999 -9999 -9999 -9999 -9999 -9999 -9999 -9999 -9999 -9999 -9999 -9999 -9999 -9999 -9999 -9999 -9999 -9999 -9999 -9999 -9999 -9999 -9999 -9999 -9999 -9999 -9999 -9999 -9999 214 213 209 223 218 214 212 209 205 212 222 226 214 207 209 215 206 226 249 231 253 256 225 222 223 219 240 253 248 -9999 -9999 -9999 -9999 -9999 -9999 264 244 221 240 -9999 -9999 -9999 -9999 -9999 -9999 -9999 -9999 -9999
-9999 -9999 -9999 -9999 -9999 -9999 -9999 -9999 -9999 -9999 -9999 -9999 -9999 -9999 -9999 -9999 -9999 -9999 -9999 -9999 -9999 -9999 -9999 -9999 -9999 -9999 -9999 -9999 -9999 -9999 -9999 -9999 204 204 221 232 228 224 220 214 210 215 222 223 214 212 197 202 252 202 204 203 230 256 255 238 242 245 252 256 -9999 -9999 -9999 -9999 266 260 266 263 201 221 -9999 -9999 -9999 -9999 -9999 -9999 -9999 -9999 -9999 -9999
-9999 -9999 -9999 -9999 -9999 -9999 -9999 -9999 -9999 -9999 -9999 -9999 -9999 -9999 -9999 -9999 -9999 -9999 -9999 -9999 -9999 -9999 -9999 -9999 -9999 -9999 -9999 -9999 -9999 -9999 -9999 -9999 189 206 223 226 228 228 228 221 216 216 219 217 216 222 207 247 232 214 181 193 198 223 245 242 252 258 -9999 -9999 -9999 -9999 -9999 -9999 258 249 256 224 207 236 -9999 -9999 -9999 -9999 -9999 -9999 -9999 -9999 -9999 -9999
