exercise/blank.asc
ncols         360
nrows         150
xllcorner     -180
yllcorner     -59.99999217689
cellsize      1
NODATA_value  -9999
[rows 36 to 71 of 150, columns 240 to 319 of 360]
18 24 27 28 27 23 21 17 14 18 18 19 20 20 16 14 14 14 15 14 13 18 19 20 19 23 17 13 3 -9 1 10 -1 -13 -45 -62 -83 -95 -71 -64 -44 -15 -13 -13 -33 -41 -40 -34 -23 -39 -65 -56 -53 -52 -61 -60 -59 -75 -56 -55 -49 -46 -44 -39 -39 -39 -34 -34 -39 -49 -53 -69 -51 -69 -97 -51 -29 -25 -23 -21
19 24 30 33 39 33 29 18 9 11 11 17 21 24 24 22 22 21 21 23 20 21 24 27 30 31 27 13 3 -12 -9 -31 -37 -46 -59 -45 -52 -70 -95 -90 -86 -53 -21 -4 -6 -25 -14 -40 -50 -46 -40 -36 -41 -39 -49 -45 -44 -47 -42 -52 -48 -59 -55 -58 -42 -32 -27 -27 -28 -33 -36 -41 -70 -73 -97 -44 -22 -36 -25 -19
19 27 32 39 50 44 39 28 17 20 18 19 22 21 24 25 28 29 28 28 26 26 23 19 6 5 -22 -16 -41 -50 -39 -20 -22 -35 -34 -43 -72 -88 -94 -79 -67 -61 -45 -34 0 -26 -24 -19 -30 -32 -30 -29 -23 -19 -24 -29 -39 -44 -47 -45 -51 -60 -65 -55 -45 -32 -22 -16 -13 -24 -32 -60 -45 -48 -69 -29 -14 -18 -24 -6
29 34 41 47 63 66 51 35 28 27 25 25 21 24 21 18 24 28 34 35 30 24 23 8 -13 -28 -4 -33 -36 -52 -61 -45 -27 -27 -38 -75 -106 -74 -95 -87 -50 -25 -39 -22 -15 -8 -6 -18 -31 -30 -32 -26 -21 -8 -11 -17 -27 -32 -28 -28 -37 -51 -45 -34 -24 -19 -20 2 -5 -18 -27 -38 -50 -49 -85 -38 -25 -4 -21 -28
42 45 51 55 66 76 56 31 28 32 31 31 31 25 21 13 13 18 28 28 27 20 4 26 24 -4 -25 -47 -55 -45 -5 -73 -39 -59 -56 -59 -66 -77 -73 -46 -23 -11 -7 -9 -6 -13 -20 -22 -42 -49 -45 -16 2 1 0 -5 -11 -17 -13 -13 -23 -30 -23 -14 -6 -3 -17 -5 1 -4 -13 -26 -38 -18 -5 9 9 -6 -40 -26
53 59 59 64 68 64 45 36 37 40 40 39 34 27 17 13 23 22 20 13 16 8 18 37 26 13 0 -8 -35 -26 -46 4 -9 -7 -21 -35 -63 -57 -67 -38 -22 -11 -7 -6 6 -8 -15 -42 -50 -43 -25 -10 -2 7 10 15 10 0 -9 -14 -21 -25 -6 8 13 9 4 -7 -10 -9 2 -6 7 13 16 19 10 -28 -35 -12
64 66 70 72 72 66 44 49 53 54 50 43 37 41 45 46 44 40 42 46 36 -9 11 35 33 36 41 56 37 -13 -46 -43 -1 14 2 -4 -17 -67 -76 -65 -34 -2 2 5 6 -2 -13 -26 -28 -24 -14 -1 2 3 11 20 12 0 -6 -19 -40 -4 23 34 30 22 19 13 -2 3 22 27 25 22 23 15 -3 -21 0 -9999
78 78 80 80 80 78 71 69 70 67 63 62 59 66 67 64 66 67 68 63 64 66 65 68 0 51 59 63 47 37 14 -8 -32 -18 2 18 -8 -17 -41 -34 -40 -35 -9 -5 0 5 6 3 1 -2 0 7 13 10 7 17 8 -6 -4 -19 -4 19 37 46 40 33 30 22 8 21 27 29 34 19 27 8 -1 -12 31 -9999
89 90 92 93 94 93 90 87 85 85 85 82 77 81 81 77 76 77 78 71 31 -40 42 5 61 93 88 74 53 39 31 42 43 32 12 5 -21 -11 -9 7 21 15 26 22 22 22 21 26 22 28 29 29 24 8 -8 -1 8 9 10 4 24 42 52 51 49 43 35 18 26 11 24 37 40 35 25 10 6 32 -9999 -9999
98 100 103 106 108 107 106 92 104 101 98 100 100 93 89 89 85 66 42 -17 -11 -13 75 51 89 96 95 86 75 68 68 64 66 84 69 22 42 29 19 0 25 41 27 52 42 38 36 35 25 40 45 32 17 12 8 10 15 9 3 27 49 64 58 55 50 48 42 30 0 38 25 41 47 38 21 21 -9999 -9999 -9999 -9999
106 111 114 117 121 121 121 120 103 97 108 109 102 104 78 87 81 87 79 90 54 28 69 33 -60 -71 -8 41 27 -17 -1 70 25 17 45 97 54 65 60 68 36 46 38 40 44 36 39 52 52 51 46 40 36 30 23 17 11 0 45 57 67 66 62 63 56 48 33 29 28 34 19 35 42 21 35 -9999 -9999 -9999 -9999 -9999
115 122 125 113 126 131 135 135 136 127 73 64 36 -33 -34 -12 42 57 30 -34 -35 -61 -43 -58 -44 -36 30 30 72 131 113 111 132 110 86 67 50 61 69 73 79 77 72 69 55 56 70 60 53 53 55 42 41 42 34 24 16 3 48 71 66 68 73 76 63 48 33 27 19 34 59 62 -9999 -9999 -9999 -9999 -9999 -9999 -9999 -9999
132 132 134 134 124 143 144 145 145 131 6 62 60 2 14 15 -21 -48 -52 75 76 90 114 116 111 116 108 65 67 80 88 98 94 88 71 48 34 48 74 80 87 93 94 88 93 83 53 47 52 34 34 33 26 38 43 28 33 52 40 69 81 87 88 83 54 49 39 23 5 59 -9999 -9999 -9999 -9999 -9999 -9999 -9999 -9999 -9999 85
142 141 143 144 148 134 104 154 158 127 145 144 121 64 -30 -32 -44 36 72 111 111 112 118 120 118 118 117 114 113 116 118 109 111 101 97 93 83 82 77 80 87 89 78 74 70 63 83 79 72 70 55 63 44 39 64 73 84 66 84 73 88 -9999 87 74 74 60 40 2 49 -9999 -9999 -9999 -9999 -9999 -9999 -9999 -9999 -9999 -9999 -9999
150 149 152 150 153 154 132 109 37 -1 -37 -26 -4 -52 -11 89 122 120 122 121 117 116 117 116 115 115 115 117 119 120 93 79 72 28 28 -25 -58 -47 42 82 70 75 77 80 81 91 77 68 67 65 63 60 54 43 45 107 122 118 110 -9999 -9999 101 98 -9999 -9999 94 72 99 -9999 -9999 -9999 -9999 -9999 -9999 -9999 -9999 -9999 -9999 -9999 -9999
157 159 163 160 158 160 134 50 134 96 26 -20 -67 -80 -41 -43 101 122 123 123 122 120 117 111 108 107 112 96 7 -20 -23 29 32 29 3 -47 -54 -65 -57 -42 25 32 79 83 87 87 87 77 78 81 79 47 73 79 126 128 129 125 -9999 -9999 -9999 -9999 -9999 -9999 -9999 103 97 79 109 -9999 -9999 -9999 -9999 -9999 -9999 -9999 -9999 -9999 -9999 -9999
157 159 165 160 159 169 161 166 165 167 60 15 -33 -48 -39 -21 24 100 122 129 128 122 115 108 88 57 -32 -50 -75 -28 -54 -25 30 41 38 12 -9 -17 -27 -30 -25 -10 7 64 80 91 83 77 75 84 90 57 103 68 133 130 139 130 127 -9999 112 124 -9999 -9999 -9999 -9999 114 103 76 -9999 -9999 -9999 -9999 -9999 -9999 -9999 -9999 131 -9999 101
143 149 155 138 137 154 147 105 152 119 -9 -18 19 -5 -52 -63 -55 -77 -27 21 51 96 -6 -37 -60 -70 -75 -99 -81 -73 -68 -57 -12 13 46 51 53 51 -4 12 -1 29 47 71 88 60 67 86 81 93 107 99 88 102 138 136 142 125 123 125 120 -9999 -9999 -9999 -9999 -9999 120 114 117 120 -9999 -9999 -9999 -9999 -9999 -9999 -9999 53 68 116
133 153 157 135 59 42 26 24 91 13 -26 71 35 79 53 28 -55 -94 -78 -56 -106 -92 -81 -62 -60 -77 -71 -67 -65 -75 -70 -71 -59 -44 -65 -48 -47 -44 -41 -47 -7 -29 1 58 65 74 75 101 90 115 130 119 115 119 148 139 141 135 127 126 -9999 -9999 -9999 -9999 -9999 -9999 130 107 132 136 -9999 -9999 -9999 135 121 137 125 109 115 151
153 165 122 68 31 35 8 7 12 111 199 195 188 127 91 -28 10 -18 -84 -80 -67 -80 -69 -61 -70 -82 -67 -62 -54 -63 -65 -54 -49 -46 -42 -38 -47 -35 -30 -53 -21 -1 9 30 55 95 94 122 141 146 117 121 138 137 146 144 146 145 141 136 -9999 -9999 -9999 -9999 -9999 136 137 139 146 141 -9999 138 135 146 150 149 149 158 -9999 -9999
195 173 131 86 41 81 79 12 96 83 183 225 219 217 91 61 -36 -41 -64 -27 -26 -53 -56 -59 -44 -62 -56 -54 -55 -54 -55 -66 -46 -39 -38 -45 -24 -25 -31 -22 -22 0 22 15 78 121 98 106 87 115 124 124 135 149 148 152 155 154 149 145 143 -9999 -9999 -9999 -9999 -9999 139 -9999 -9999 -9999 152 148 146 161 165 163 -9999 -9999 -9999 -9999
169 196 183 149 148 149 79 105 109 113 235 243 233 239 238 222 64 -40 -39 -47 -26 -35 -16 -20 -30 -37 -28 -48 -36 -33 -40 -42 -49 -41 -36 -8 7 -7 -5 -8 -12 21 20 39 103 153 120 116 142 136 138 152 158 149 154 158 158 154 153 152 147 -9999 -9999 -9999 -9999 -9999 -9999 -9999 -9999 -9999 161 150 -9999 -9999 -9999 -9999 -9999 -9999 -9999 -9999
192 216 213 200 198 194 172 127 141 184 247 247 244 241 239 238 222 129 7 15 -27 -48 -26 -43 -14 -34 -34 -24 -17 -18 -23 -16 -20 -19 0 -4 9 11 28 2 23 7 13 68 164 166 168 160 138 134 89 129 164 160 158 142 157 162 161 157 154 159 -9999 -9999 -9999 -9999 -9999 -9999 -9999 -9999 170 173 -9999 -9999 -9999 -9999 -9999 -9999 -9999 -9999
181 223 223 219 207 208 169 125 163 186 244 254 251 247 244 244 244 217 161 103 -29 -24 -24 -37 -40 -14 -25 -27 -20 -27 -28 -12 -23 -21 0 -7 23 19 19 -3 34 24 48 167 163 173 175 168 146 138 131 170 166 167 173 162 166 162 150 145 164 -9999 164 -9999 -9999 -9999 -9999 -9999 -9999 -9999 -9999 -9999 -9999 -9999 -9999 -9999 -9999 -9999 -9999 -9999
164 221 226 185 197 235 170 249 234 218 258 257 259 255 252 249 247 243 237 152 177 108 20 -22 -5 -28 -20 -9 6 17 -16 7 -11 0 59 110 0 19 42 25 18 13 120 164 171 178 186 154 147 149 151 170 170 166 160 166 173 163 152 164 157 162 -9999 -9999 -9999 -9999 -9999 -9999 -9999 -9999 -9999 -9999 -9999 -9999 -9999 -9999 -9999 -9999 -9999 -9999
193 197 249 245 217 238 147 273 273 265 261 261 264 261 255 252 253 251 248 249 246 223 153 110 31 -14 -9 10 -1 -1 -13 2 21 86 148 136 59 26 59 39 48 53 105 126 173 173 147 150 158 156 167 165 176 169 158 178 182 180 170 164 152 175 -9999 -9999 -9999 -9999 -9999 -9999 -9999 -9999 -9999 -9999 -9999 -9999 -9999 -9999 -9999 -9999 -9999 -9999
244 202 212 238 217 186 190 266 269 268 264 265 263 259 254 244 248 256 254 255 251 252 245 243 235 175 106 108 121 63 96 128 120 149 231 231 173 189 106 103 103 118 120 106 120 135 155 154 153 160 148 164 175 177 171 182 178 172 174 151 180 -9999 -9999 -9999 -9999 -9999 -9999 -9999 -9999 -9999 -9999 -9999 -9999 -9999 -9999 -9999 -9999 -9999 -9999 -9999
218 227 238 232 214 240 242 266 265 267 266 263 263 261 250 257 256 256 259 258 257 256 254 256 251 247 246 245 242 243 243 245 244 229 220 192 226 205 133 106 151 182 150 124 128 139 157 154 153 163 145 179 184 177 180 179 177 179 187 177 186 -9999 -9999 -9999 -9999 -9999 -9999 -9999 -9999 -9999 -9999 -9999 -9999 -9999 -9999 -9999 -9999 -9999 -9999 -9999
259 264 262 260 254 256 270 252 277 268 267 274 268 262 252 262 261 247 260 259 262 260 259 262 262 261 258 249 251 251 227 166 198 217 183 238 231 232 143 148 149 155 152 149 146 164 184 166 164 184 180 181 176 162 187 191 188 189 181 202 -9999 -9999 -9999 -9999 -9999 -9999 -9999 -9999 -9999 -9999 -9999 -9999 -9999 -9999 -9999 -9999 -9999 -9999 -9999 -9999
-9999 -9999 -9999 -9999 -9999 -9999 -9999 263 269 269 272 275 261 239 251 256 260 248 255 249 250 251 250 250 259 254 253 253 258 257 254 249 248 208 232 234 237 210 180 179 172 193 159 162 185 181 179 198 208 205 193 193 189 199 187 201 207 207 215 -9999 -9999 151 -9999 -9999 237 -9999 -9999 -9999 -9999 -9999 -9999 -9999 -9999 -9999 -9999 -9999 -9999 -9999 -9999 -9999
-9999 -9999 -9999 -9999 -9999 -9999 -9999 -9999 264 267 269 275 271 267 264 254 259 254 249 251 244 246 232 233 231 246 265 264 264 257 262 253 233 192 245 248 246 187 192 182 191 193 186 164 165 172 194 215 204 213 217 216 214 217 216 204 217 214 -9999 231 223 220 -9999 -9999 -9999 -9999 -9999 -9999 -9999 -9999 -9999 -9999 -9999 -9999 -9999 -9999 -9999 -9999 -9999 -9999
-9999 -9999 -9999 -9999 -9999 -9999 -9999 -9999 -9999 261 266 268 274 271 260 249 262 261 244 243 243 238 259 250 256 256 264 268 263 262 259 257 254 174 240 263 209 219 206 194 199 189 210 174 202 213 218 224 221 213 213 214 225 225 222 -9999 -9999 -9999 -9999 -9999 241 238 -9999 -9999 -9999 -9999 -9999 -9999 -9999 -9999 -9999 -9999 -9999 -9999 -9999 -9999 -9999 -9999 -9999 -9999
-9999 -9999 -9999 -9999 -9999 -9999 -9999 -9999 -9999 -9999 257 264 272 268 272 254 267 244 260 265 263 268 269 270 256 246 259 267 262 -9999 -9999 -9999 246 192 258 270 230 193 224 198 207 212 208 199 182 224 229 212 229 230 232 231 225 -9999 -9999 -9999 -9999 -9999 -9999 -9999 -9999 -9999 -9999 -9999 -9999 -9999 -9999 -9999 -9999 -9999 -9999 -9999 -9999 -9999 -9999 -9999 -9999 -9999 -9999 -9999
-9999 -9999 -9999 -9999 -9999 -9999 -9999 -9999 -9999 -9999 -9999 -9999 -9999 253 258 261 266 271 275 270 264 261 254 271 257 270 271 -9999 -9999 -9999 -9999 -9999 257 247 266 265 207 197 229 217 233 227 234 197 206 228 244 -9999 -9999 -9999 238 -9999 -9999 -9999 -9999 -9999 -9999 -9999 -9999 -9999 -9999 -9999 -9999 -9999 -9999 -9999 -9999 -9999 -9999 -9999 -9999 -9999 -9999 -9999 -9999 -9999 -9999 -9999 -9999 -9999
-9999 -9999 -9999 -9999 -9999 -9999 -9999 -9999 -9999 -9999 -9999 -9999 -9999 262 255 266 268 268 268 274 270 250 247 251 260 269 -9999 -9999 -9999 -9999 -9999 -9999 -9999 256 243 267 243 244 222 232 232 225 212 200 216 239 -9999 -9999 -9999 242 242 -9999 -9999 -9999 -9999 -9999 -9999 -9999 -9999 -9999 -9999 -9999 -9999 -9999 -9999 -9999 -9999 -9999 -9999 -9999 -9999 -9999 -9999 -9999 -9999 -9999 -9999 -9999 -9999 -9999
-9999 -9999 -9999 -9999 -9999 -9999 -9999 -9999 -9999 -9999 -9999 -9999 -9999 241 255 260 260 270 266 281 275 262 235 271 270 -9999 -9999 -9999 -9999 -9999 -9999 -9999 -9999 -9999 252 272 270 262 235 254 246 245 253 240 220 246 -9999 -9999 -9999 238 249 -9999 -9999 -9999 -9999 -9999 -9999 -9999 -9999 -9999 -9999 268 -9999 -9999 -9999 -9999 -9999 -9999 -9999 -9999 -9999 -9999 -9999 -9999 -9999 -9999 -9999 -9999 -9999 -9999
