exercise/blank.asc
ncols         360
nrows         150
xllcorner     -180
yllcorner     -59.99999217689
cellsize      1
NODATA_value  -9999
[rows 36 to 71 of 150, columns 160 to 239 of 360]
-9999 -9999 -9999 -9999 -9999 -9999 -9999 -9999 -9999 -9999 91 91 89 92 -9999 -9999 -9999 94 92 94 -9999 -9999 -9999 -9999 -9999 -9999 87 88 88 84 84 84 81 81 86 79 73 72 73 73 71 70 68 65 66 64 64 62 62 60 59 59 56 51 49 50 51 48 49 49 50 50 49 45 43 42 41 41 45 45 45 43 41 35 34 32 24 8 4 14
-9999 -9999 -9999 -9999 -9999 -9999 -9999 -9999 -9999 -9999 100 97 92 97 -9999 -9999 79 87 93 96 94 99 -9999 -9999 -9999 91 91 90 88 88 87 88 90 90 90 89 82 79 82 80 76 74 71 71 70 69 68 68 67 66 66 65 62 60 56 54 54 55 56 57 57 57 54 50 48 47 48 53 54 49 47 43 45 43 39 39 32 11 16 17
-9999 -9999 -9999 -9999 -9999 -9999 -9999 -9999 -9999 -9999 105 102 -9999 -9999 -9999 -9999 96 95 94 101 100 -9999 -9999 101 99 94 100 94 80 85 76 83 90 91 89 85 84 83 84 79 76 77 76 75 74 72 71 71 70 72 73 73 71 66 63 61 59 60 61 65 63 62 61 57 53 52 67 60 56 54 51 53 53 52 49 46 42 30 26 22
-9999 -9999 -9999 -9999 -9999 -9999 -9999 -9999 -9999 -9999 -9999 -9999 -9999 -9999 -9999 99 97 99 -9999 -9999 -9999 -9999 100 101 97 91 75 92 86 81 76 69 63 68 80 71 65 82 84 76 77 81 76 72 75 73 71 71 72 75 79 78 78 75 71 68 67 66 67 67 66 65 68 65 64 63 71 66 62 61 60 60 60 55 51 50 45 39 31 30
-9999 -9999 -9999 -9999 -9999 -9999 -9999 -9999 -9999 -9999 -9999 -9999 -9999 -9999 -9999 -9999 -9999 116 113 -9999 103 101 101 98 99 92 92 84 101 92 83 78 69 72 75 70 73 80 62 57 65 66 61 78 76 72 72 72 74 74 74 80 82 81 77 76 77 75 73 73 72 74 74 75 74 77 76 73 70 68 68 69 69 67 60 57 51 45 40 38
-9999 -9999 -9999 -9999 -9999 -9999 -9999 -9999 -9999 -9999 -9999 -9999 -9999 -9999 -9999 110 105 111 112 102 100 104 110 103 102 90 94 96 80 77 83 79 78 83 68 77 93 90 80 71 84 85 93 62 58 83 83 83 79 78 76 79 80 83 86 87 85 82 77 83 84 84 84 84 85 86 83 82 80 78 78 78 78 76 71 65 61 58 46 52
-9999 -9999 -9999 -9999 -9999 -9999 -9999 -9999 -9999 -9999 -9999 -9999 -9999 -9999 -9999 -9999 117 116 114 115 112 111 107 107 98 103 94 91 89 86 46 44 48 42 33 49 88 102 102 104 105 102 101 91 58 53 81 94 92 88 90 92 91 92 97 96 91 89 94 94 96 95 92 88 89 92 91 90 89 89 89 89 88 87 81 76 72 68 62 63
-9999 -9999 -9999 -9999 -9999 -9999 -9999 -9999 -9999 -9999 -9999 -9999 -9999 -9999 -9999 -9999 -9999 -9999 121 117 114 109 107 108 104 99 91 27 4 14 4 54 40 55 59 77 100 107 110 108 108 109 87 76 88 54 71 90 98 98 102 102 102 100 100 103 -9999 -9999 107 105 102 101 100 92 96 98 98 98 99 99 99 99 98 97 94 87 85 82 78 76
-9999 -9999 -9999 -9999 -9999 -9999 -9999 -9999 -9999 -9999 -9999 -9999 -9999 -9999 -9999 -9999 -9999 -9999 -9999 125 118 108 92 86 92 103 47 35 117 128 121 131 132 -9999 83 113 106 93 110 112 114 110 75 51 52 51 65 108 108 112 -9999 -9999 -9999 112 114 -9999 -9999 -9999 115 111 110 105 98 97 101 103 104 106 106 108 109 108 108 107 105 98 96 93 87 89
-9999 -9999 -9999 -9999 -9999 -9999 -9999 -9999 -9999 -9999 -9999 -9999 -9999 -9999 -9999 -9999 -9999 -9999 -9999 125 124 121 114 82 118 81 51 118 116 91 111 137 -9999 -9999 142 83 72 80 104 109 114 105 107 109 105 105 109 113 111 -9999 -9999 -9999 -9999 118 105 -9999 -9999 -9999 113 117 106 98 92 97 101 107 111 112 -9999 116 112 114 116 109 107 107 102 97 101 98
-9999 -9999 -9999 -9999 -9999 -9999 -9999 -9999 -9999 -9999 -9999 -9999 122 125 132 -9999 139 -9999 137 126 122 127 112 141 142 127 130 -9999 -9999 -9999 145 127 119 143 -9999 -9999 143 87 66 83 81 102 83 115 113 112 102 108 120 -9999 -9999 -9999 -9999 -9999 -9999 -9999 -9999 -9999 -9999 -9999 53 18 3 80 95 108 117 119 -9999 -9999 124 125 116 119 115 112 113 114 110 105
-9999 -9999 -9999 -9999 -9999 -9999 -9999 -9999 -9999 -9999 -9999 130 124 98 113 108 102 119 119 88 57 51 100 -9999 -9999 -9999 -9999 -9999 -9999 143 -9999 150 140 88 -9999 -9999 -9999 -9999 120 86 113 98 76 84 94 104 119 129 -9999 -9999 -9999 -9999 -9999 -9999 -9999 -9999 -9999 -9999 -9999 -9999 -9999 146 97 55 11 1 40 80 125 -9999 -9999 133 134 129 128 129 130 125 125 119
-9999 -9999 -9999 -9999 -9999 -9999 -9999 -9999 -9999 -9999 -9999 142 124 121 122 120 109 106 122 143 149 133 152 -9999 -9999 -9999 -9999 -9999 -9999 156 -9999 -9999 153 137 116 156 -9999 -9999 -9999 155 88 97 117 93 75 118 135 128 -9999 -9999 -9999 -9999 118 85 97 109 -9999 -9999 -9999 -9999 -9999 -9999 40 35 100 126 139 32 115 138 -9999 -9999 143 146 133 135 136 143 139 135
-9999 -9999 -9999 -9999 -9999 -9999 -9999 -9999 -9999 -9999 -9999 151 122 124 110 111 136 117 89 84 162 -9999 -9999 -9999 -9999 -9999 -9999 -9999 152 145 -9999 -9999 -9999 -9999 151 124 152 159 -9999 155 87 98 151 139 -9999 144 141 139 -9999 133 113 90 85 98 109 115 97 79 70 65 46 62 30 57 50 55 110 149 134 143 147 -9999 149 151 152 148 151 152 149 145
-9999 -9999 -9999 -9999 -9999 -9999 -9999 -9999 -9999 -9999 -9999 161 161 160 142 133 140 134 133 169 -9999 -9999 163 165 -9999 -9999 -9999 -9999 153 157 -9999 -9999 -9999 -9999 -9999 -9999 130 -9999 -9999 -9999 138 109 156 -9999 -9999 -9999 152 136 115 101 97 108 106 109 106 85 80 71 106 63 71 49 61 47 90 80 105 132 138 153 -9999 -9999 153 163 154 168 162 162 163 156
-9999 -9999 -9999 -9999 -9999 -9999 -9999 -9999 -9999 -9999 -9999 169 165 158 155 149 145 125 151 158 -9999 173 -9999 -9999 -9999 -9999 -9999 -9999 -9999 -9999 -9999 -9999 -9999 -9999 166 -9999 156 -9999 -9999 -9999 -9999 160 134 167 -9999 176 160 152 145 127 98 112 106 114 97 67 54 90 136 123 133 89 84 71 46 107 75 110 91 150 -9999 -9999 -9999 165 172 157 138 166 164 160
-9999 -9999 -9999 -9999 -9999 -9999 -9999 -9999 -9999 -9999 -9999 163 169 172 179 165 138 134 171 -9999 -9999 -9999 -9999 -9999 -9999 -9999 -9999 -9999 -9999 -9999 -9999 -9999 -9999 159 155 -9999 -9999 -9999 -9999 -9999 -9999 179 133 175 170 -9999 177 168 142 113 120 102 112 112 76 156 132 146 176 163 157 163 142 84 58 120 77 106 91 160 154 -9999 -9999 165 176 168 124 121 84 156
-9999 -9999 -9999 -9999 -9999 -9999 -9999 -9999 -9999 -9999 -9999 -9999 -9999 -9999 161 171 -9999 -9999 -9999 -9999 -9999 173 178 159 157 135 155 165 164 176 174 -9999 -9999 -9999 -9999 -9999 -9999 -9999 -9999 -9999 -9999 -9999 171 -9999 180 184 186 187 -9999 123 165 -9999 105 161 185 189 178 172 174 180 180 193 196 194 153 98 109 87 103 141 88 133 164 149 85 145 156 130 105 123
-9999 -9999 -9999 -9999 -9999 -9999 -9999 -9999 -9999 -9999 -9999 -9999 -9999 -9999 173 -9999 -9999 -9999 -9999 168 172 151 160 148 164 160 127 135 156 172 187 -9999 -9999 -9999 -9999 -9999 -9999 -9999 -9999 -9999 -9999 -9999 -9999 -9999 -9999 -9999 -9999 -9999 -9999 -9999 -9999 -9999 -9999 -9999 188 -9999 173 181 182 181 198 201 207 214 207 171 109 105 107 97 141 165 128 174 156 176 175 151 110 106
-9999 -9999 -9999 -9999 -9999 -9999 -9999 -9999 -9999 -9999 -9999 -9999 -9999 190 193 173 157 157 137 134 149 145 145 141 179 215 217 197 187 184 185 -9999 -9999 -9999 -9999 -9999 -9999 -9999 -9999 -9999 -9999 -9999 -9999 -9999 -9999 -9999 -9999 -9999 -9999 -9999 -9999 -9999 -9999 -9999 -9999 -9999 160 166 188 191 198 203 207 219 226 214 131 125 105 113 151 193 190 201 200 199 199 191 170 176
-9999 -9999 -9999 -9999 -9999 -9999 -9999 -9999 -9999 -9999 -9999 -9999 176 171 149 130 153 151 157 159 150 146 170 180 193 211 216 216 215 202 203 -9999 -9999 -9999 -9999 -9999 -9999 -9999 -9999 -9999 -9999 -9999 -9999 -9999 -9999 -9999 -9999 -9999 -9999 -9999 -9999 -9999 -9999 -9999 -9999 177 166 173 175 180 189 198 212 224 227 229 144 153 139 115 121 100 193 177 183 207 194 176 172 141
-9999 -9999 -9999 182 -9999 -9999 -9999 -9999 -9999 -9999 -9999 185 186 188 119 135 154 174 173 179 186 191 201 203 214 219 218 219 214 206 204 206 195 194 205 -9999 -9999 -9999 -9999 -9999 -9999 159 168 -9999 -9999 -9999 -9999 -9999 -9999 -9999 -9999 -9999 -9999 -9999 -9999 211 161 176 184 181 189 202 213 229 231 232 235 229 233 140 99 150 164 183 160 187 195 195 189 147
-9999 -9999 -9999 -9999 -9999 -9999 -9999 -9999 -9999 -9999 168 184 156 93 156 203 194 206 205 205 207 211 215 220 224 226 224 223 218 208 188 183 193 203 207 203 -9999 -9999 -9999 -9999 198 194 194 194 192 196 195 -9999 -9999 -9999 208 204 -9999 -9999 199 226 171 197 194 192 200 214 222 226 236 237 238 241 249 247 157 106 143 164 166 195 168 227 220 182
-9999 -9999 -9999 -9999 -9999 -9999 -9999 -9999 -9999 -9999 171 182 141 185 210 222 221 225 220 221 222 221 220 223 231 230 229 228 224 215 193 189 193 203 204 204 198 194 199 -9999 208 208 208 208 204 195 191 187 190 192 209 207 216 185 181 171 173 197 213 204 210 220 226 226 232 238 241 244 251 255 225 147 122 122 157 154 145 177 247 212
-9999 -9999 -9999 -9999 -9999 -9999 -9999 -9999 -9999 -9999 171 181 228 236 241 242 239 233 236 235 237 232 224 229 231 232 232 231 227 215 201 198 199 202 205 205 190 196 191 202 213 221 218 221 222 206 206 208 197 195 205 207 215 174 182 183 196 195 214 217 219 219 223 228 233 239 240 247 252 -9999 248 218 157 165 149 169 105 134 239 245
-9999 -9999 -9999 -9999 -9999 -9999 -9999 -9999 -9999 191 207 220 230 242 249 252 250 249 245 243 239 236 224 227 230 235 235 231 226 213 211 214 217 211 208 201 197 197 200 205 212 222 223 222 220 213 209 207 203 208 208 203 186 209 214 176 215 203 209 213 214 218 220 226 235 243 245 245 248 -9999 -9999 243 211 200 205 174 190 206 177 240
-9999 -9999 -9999 -9999 -9999 -9999 -9999 195 202 201 212 228 241 252 256 258 256 256 253 254 249 242 245 244 239 237 242 242 242 234 231 226 228 229 226 215 198 184 204 210 216 221 226 224 221 217 213 208 210 210 212 210 198 223 -9999 244 215 193 212 213 219 201 221 230 239 244 248 247 248 -9999 -9999 -9999 249 229 213 235 255 245 256 259
-9999 -9999 -9999 -9999 -9999 -9999 207 207 216 221 225 238 249 257 258 259 259 263 263 266 270 270 262 254 249 226 246 246 253 243 237 233 230 231 229 221 214 203 215 215 218 223 226 224 223 219 215 215 218 216 222 220 215 208 -9999 -9999 235 200 208 212 220 223 222 235 240 241 245 246 250 255 -9999 -9999 -9999 -9999 253 259 -9999 245 229 233
-9999 -9999 -9999 -9999 -9999 211 217 219 224 234 245 249 256 259 265 268 273 271 273 273 272 274 265 253 211 236 228 210 225 236 238 222 231 234 233 224 219 219 221 220 221 224 228 223 223 219 216 217 228 223 237 224 243 233 237 -9999 246 237 253 241 231 237 244 239 243 240 244 249 252 259 269 268 -9999 -9999 -9999 -9999 271 -9999 267 263
-9999 -9999 -9999 -9999 -9999 215 222 238 248 253 258 262 263 269 278 276 276 278 279 277 277 271 264 252 240 206 228 226 238 228 234 227 233 236 238 230 229 227 225 221 222 229 230 233 228 215 213 220 230 232 247 236 251 253 233 -9999 -9999 254 255 266 261 243 246 239 239 249 247 256 258 264 268 273 272 -9999 269 272 263 -9999 -9999 -9999
-9999 -9999 -9999 -9999 207 220 232 251 260 265 270 271 273 275 278 279 280 283 282 281 280 276 266 259 245 205 196 228 238 247 241 236 236 240 236 228 229 231 226 215 227 224 234 233 231 214 212 229 240 245 253 252 265 254 243 254 -9999 -9999 278 252 254 251 249 248 245 250 243 257 266 269 271 275 272 268 272 277 248 261 272 -9999
-9999 -9999 -9999 -9999 217 232 250 261 268 272 275 276 278 280 282 286 288 284 283 283 282 278 271 263 252 226 242 248 249 254 254 247 235 234 244 222 230 230 225 217 230 232 236 233 232 219 233 242 248 251 255 259 262 261 245 247 -9999 -9999 -9999 281 255 260 257 251 251 259 256 266 271 274 274 276 274 273 275 278 270 261 259 273
-9999 -9999 -9999 220 233 251 264 268 267 273 278 279 281 284 288 285 284 285 288 287 285 281 273 265 258 257 259 262 257 258 261 260 246 250 252 239 207 197 175 225 234 242 240 238 238 233 234 248 252 254 256 259 248 263 248 239 229 -9999 -9999 290 225 242 253 259 253 259 261 270 273 273 273 276 276 276 278 277 275 269 268 273
-9999 -9999 -9999 229 250 269 279 263 275 278 281 282 285 288 288 288 287 287 288 289 287 278 265 261 268 267 271 267 257 260 266 265 260 257 257 249 229 187 186 241 246 247 244 239 235 237 243 248 252 257 266 263 264 271 259 250 233 -9999 -9999 -9999 290 226 248 259 265 265 268 270 271 270 272 274 276 276 277 274 270 269 269 -9999
-9999 -9999 -9999 244 262 284 291 288 284 281 284 288 289 290 288 287 286 287 288 287 290 277 268 275 277 278 278 273 258 261 268 268 264 261 260 257 254 249 242 259 257 249 243 242 244 250 251 254 263 268 274 273 280 284 277 265 245 -9999 -9999 -9999 -9999 291 223 244 252 259 260 264 266 267 269 270 272 275 274 270 266 264 -9999 -9999
-9999 -9999 -9999 -9999 267 285 293 294 278 280 291 294 293 292 289 285 284 287 288 288 293 287 282 284 285 286 284 278 262 249 270 269 264 262 263 267 269 267 272 271 268 259 254 243 251 258 255 256 266 275 282 290 288 290 288 279 267 296 -9999 -9999 -9999 307 185 205 241 250 252 257 259 261 261 260 262 269 268 264 267 -9999 -9999 -9999
